1.e-19,2988.9087727959964
1.2589254117941713e-19,3321.1584071915163
1.584893192461111e-19,3687.186502734925
1.995262314968883e-19,4090.6745797362905
2.5118864315095717e-19,4526.327925149526
3.162277660168379e-19,5000.131613880277
3.9810717055349853e-19,5504.808367960639
5.011872336272715e-19,6037.2261456268825
6.309573444801943e-19,6600.179935372174
7.943282347242789e-19,7189.794868871041
1.e-18,7813.88678816478
1.2589254117941713e-18,8472.250095437428
1.5848931924611109e-18,9170.804966845026
1.995262314968883e-18,9910.296711522085
2.5118864315095718e-18,10686.97847025033
3.1622776601683795e-18,11503.513877509838
3.981071705534985e-18,12360.457781421921
5.011872336272715e-18,13255.55213766344
6.309573444801943e-18,14185.959352484448
7.94328234724279e-18,15150.445408200194
1.e-17,16146.738373613234
1.2589254117941713e-17,17175.81030904655
1.584893192461111e-17,18235.95147832709
1.9952623149688827e-17,19333.74729194517
2.5118864315095718e-17,20471.888496486445
3.1622776601683796e-17,21654.080851670275
3.9810717055349855e-17,22884.313566984463
5.0118723362727144e-17,24164.792996485878
6.309573444801943e-17,25496.81128158584
7.943282347242789e-17,26880.69630097973
1.e-16,28317.15538892955
1.2589254117941662e-16,29807.36643975275
1.5848931924611109e-16,31351.36163885191
1.995262314968883e-16,32947.96673665934
2.511886431509582e-16,34595.41545294312
3.1622776601683793e-16,36291.38777345851
3.9810717055349695e-16,38033.18291953929
5.011872336272715e-16,39815.836013976514
6.309573444801943e-16,41634.57767332467
7.943282347242821e-16,43486.50238142938
1.e-15,45355.07039975882
1.2589254117941714e-15,47238.09968298335
1.584893192461111e-15,49118.07107024355
1.995262314968883e-15,50978.09072930557
2.511886431509582e-15,52797.801797100474
3.1622776601683794e-15,54552.522950323364
3.981071705534985e-15,56217.83757246914
5.0118723362727146e-15,57770.11471255825
6.309573444801943e-15,59187.93967010913
7.943282347242822e-15,60451.821985960465
1.e-14,61543.81888660465
1.2589254117941714e-14,62448.256583834496
1.584893192461111e-14,63144.836812109716
1.9952623149688828e-14,63330.187599428325
2.5118864315095823e-14,63435.17659248205
3.1622776601683796e-14,63459.84592441011
3.981071705534986e-14,63404.693650759626
5.0118723362727144e-14,63270.60914398003
6.309573444801943e-14,62924.43217036911
7.943282347242822e-14,62166.6425931215
1.e-13,61231.95684115514
1.2589254117941713e-13,60140.04165684774
1.584893192461111e-13,58913.81090846556
1.9952623149688827e-13,57578.342172834215
2.511886431509582e-13,56159.68912122822
3.162277660168379e-13,54684.00907936006
3.9810717055349854e-13,53174.46864299799
5.011872336272715e-13,51651.667434144925
6.309573444801942e-13,50131.41966367598
7.943282347242822e-13,48625.22921604432
1.e-12,47140.11904765331
1.2589254117941713e-12,45679.43236892695
1.584893192461111e-12,44242.87965144959
1.9952623149688827e-12,42827.905452522435
2.5118864315095823e-12,41430.45565960246
3.1622776601683794e-12,40046.35770991237
3.981071705534986e-12,38671.52324825702
5.011872336272715e-12,37303.34798584537
6.309573444801943e-12,35940.27970813408
7.943282347242821e-12,34582.32753739762
1.e-11,33228.82845070507
1.2589254117941662e-11,31879.447280953904
1.5848931924611175e-11,30533.010983912376
1.9952623149688828e-11,29188.70784927382
2.5118864315095823e-11,27844.84742198494
3.1622776601683794e-11,26500.714247025433
3.9810717055349695e-11,25155.24870363315
5.011872336272735e-11,23808.753823964147
6.309573444801942e-11,22462.014072496648
7.943282347242822e-11,21116.765282276825
1.e-10,19776.82933064939
1.2589254117941662e-10,18447.231965269497
1.5848931924611173e-10,17134.50632428975
1.9952623149688828e-10,15845.80356021182
2.511886431509582e-10,14589.789738868878
3.1622776601683795e-10,13375.499666863921
3.9810717055349854e-10,12211.903535474488
5.011872336272735e-10,11106.491837394648
6.309573444801942e-10,10065.291954282657
7.943282347242822e-10,9090.113575152212
1.e-9,8180.209749231203
1.2589254117941712e-9,7330.95387052171
1.5848931924611173e-9,6537.046964127792
1.9952623149688828e-9,5790.922671199089
2.511886431509582e-9,5094.4837196779545
3.1622776601683795e-9,4446.967702446186
3.9810717055349855e-9,3858.236128655154
5.011872336272735e-9,3332.871134103484
6.309573444801943e-9,2877.7155996612155
7.943282347242822e-9,2489.3392670384796
1.e-8,2159.141462394253
1.2589254117941714e-8,1884.8556107729755
1.5848931924611173e-8,1655.2118903582127
1.995262314968883e-8,1460.7569970006086
2.511886431509582e-8,1294.6962692924126
3.162277660168379e-8,1151.1770018216694
3.9810717055349855e-8,1024.561184954011
5.011872336272735e-8,911.3459007420005
6.309573444801943e-8,809.1205368413168
7.943282347242822e-8,716.5868572785853
1.e-7,631.3587608611017
1.2589254117941715e-7,553.8370118071109
1.5848931924611173e-7,480.1733616482756
1.995262314968883e-7,416.33380418663273
2.5118864315095823e-7,351.2381232041185
3.162277660168379e-7,296.0817997225057
3.9810717055349856e-7,244.99479422670078
5.011872336272736e-7,204.85128440350735
6.309573444801942e-7,159.57077636362948
7.943282347242822e-7,120.73272211034079
1.e-6,107.74162369956397
1.2589254117941714e-6,83.00166727327692
1.5848931924611175e-6,64.28407234804975
1.995262314968883e-6,55.00197629988544
2.5118864315095823e-6,48.58460730845508
3.162277660168379e-6,41.97307933531785
3.981071705534985e-6,37.83070458071699
5.011872336272735e-6,35.347592050509824
6.309573444801943e-6,33.505276204995745
7.943282347242822e-6,31.660468904691697
0.00001,30.70618656840515
0.000012589254117941714,29.73723268560255
0.000015848931924611175,29.031994966259052
0.00001995262314968883,28.49446982537806
0.000025118864315095822,28.002007597729243
0.000031622776601683795,27.656243148340295
0.00003981071705534986,27.30257754996341
0.00005011872336272735,27.042734611923674
0.00006309573444801943,26.807451727168868
0.00007943282347242822,26.596015458953563
0.0001,26.413016014121347
0.00012589254117941712,26.2529781932683
0.00015848931924611174,26.096090249384293
0.00019952623149688828,25.954938379071624
0.0002511886431509582,25.825672969533283
0.00031622776601683794,25.699056030642513
0.00039810717055349854,25.57587752636453
0.0005011872336272735,25.45798806439702
0.0006309573444801943,25.345365319012984
0.0007943282347242822,25.232543808538914
0.001,25.12105249747861
0.0012589254117941714,25.012464644703744
0.0015848931924611108,24.90337951965144
0.001995262314968883,24.79539569067884
0.0025118864315095924,24.687562818380016
0.0031622776601683794,24.579868256209412
0.0039810717055349856,24.471988795477422
0.005011872336272714,24.364277730927856
0.006309573444801942,24.256302171081238
0.007943282347242854,24.148845162457203
0.01,24.039534594652185
0.012589254117941713,23.929815991204475
0.01584893192461111,23.82345964962413
0.01995262314968883,23.7158625456616
0.025118864315095923,23.603321492295795
0.03162277660168379,23.493158920892018
0.03981071705534985,23.38550866880532
0.050118723362727144,23.27543169255545
0.06309573444801943,23.163503891712967
0.07943282347242854,23.05331477340646
0.1,22.94306339655643
0.12589254117941714,22.831239112442503
0.1584893192461111,22.720130367930892
0.19952623149688828,22.608633917668392
0.25118864315095923,22.49676865738927
0.31622776601683794,22.384808165496775
0.39810717055349853,22.27261667817425
0.5011872336272715,22.1602889880212
0.6309573444801942,22.047656972495385
0.7943282347242854,21.935279897319706
1.,21.82704453420981
1.2589254117941713,21.7139851241709
1.5848931924611238,21.600846784872658
1.9952623149688828,21.488695756450483
2.5118864315095926,21.37513785354557
3.1622776601683795,21.25916866422243
3.9810717055349856,21.146075390418556
5.011872336272756,21.03410196305384
6.309573444801943,20.9190872280467
7.943282347242854,20.80329497382888
10.,20.68952244668119
12.589254117941714,20.57534110848647
15.84893192461124,20.459638126152427
19.95262314968883,20.339203713298105
25.118864315095923,20.22942928681369
31.622776601683793,20.113399953160847
39.810717055349855,19.9975396112547
50.11872336272756,19.88142977588663
63.09573444801943,19.765174624809898
79.43282347242854,19.648453235422295
100.,19.53230952434257
125.89254117941714,19.40969965515643
158.4893192461124,19.292332271673974
199.5262314968883,19.173521658859933
251.18864315095925,19.055824638583392
316.22776601683796,18.94031036645474
398.1071705534986,18.82123313734351
501.1872336272756,18.700484820903533
630.9573444801943,18.582622557784696
794.3282347242854,18.46515830420706
1000.,18.352314894457287
1258.9254117941714,18.224868193430698
1584.8931924611238,18.105922062183186
1995.262314968883,17.99172604338747
2511.8864315095925,17.865295635778317
3162.2776601683795,17.745310966977566
3981.0717055349855,17.624691558853602
5011.872336272756,17.503755320991356
6309.573444801943,17.382667771539886
7943.282347242854,17.261153397159838
10000.,17.13957916963683
12589.254117941713,17.017560153181392
15848.931924611239,16.895452788623608
19952.62314968883,16.773038272909844
25118.864315095925,16.65037035046764
31622.776601683792,16.527481916540157
39810.71705534986,16.40433505884603
50118.72336272756,16.28093521766648
63095.73444801943,16.157290486870338
79432.82347242854,16.033406588313355
100000.,15.909275658695265
125892.54117941714,15.784890621390252
158489.3192461124,15.660266288322418
199526.2314968883,15.536098446252934
251188.64315095925,15.410334984220025
316227.7660168379,15.284984724583884
398107.17055349855,15.159391625678651
501187.23362727556,15.033877552961528
630957.3444801943,14.907553134119217
794328.2347242854,14.781238949515096
1.e6,14.654772641846618
1.2589254117941714e6,14.52798668195845
1.584893192461124e6,14.401008080218027
1.9952623149688828e6,14.273842279762942
2.5118864315095926e6,14.146338217966674
3.1622776601683795e6,14.018762631579124
3.9810717055349858e6,13.889111855007481
5.011872336272756e6,13.762763168927544
6.309573444801942e6,13.634393274017418
7.943282347242854e6,13.505883710131615
1.e7,13.37712297088509
1.2589254117941713e7,13.248177551663535
1.5848931924611239e7,13.11901910937177
1.995262314968883e7,12.988840408408555
2.5118864315095924e7,12.860017748289556
3.162277660168379e7,12.730288271624097
3.981071705534986e7,12.599946705285504
5.011872336272756e7,12.469847389138467
6.309573444801943e7,12.339667855349681
7.943282347242855e7,12.209342223375943
1.e8,12.078448520568681
1.2589254117941713e8,11.9476918761357
1.5848931924611238e8,11.81650940167279
1.9952623149688828e8,11.685184821230537
2.5118864315095925e8,11.553887690262973
3.1622776601683795e8,11.42216378139589
3.9810717055349857e8,11.292684656010968
5.011872336272756e8,11.158570004619358
6.309573444801943e8,11.026566170416825
7.943282347242854e8,10.894389096432025
1.e9,10.761897037267973
1.2589254117941713e9,10.629848392115525
1.584893192461124e9,10.496914640308555
1.9952623149688828e9,10.36436088282085
2.5118864315095925e9,10.231599610327534
3.1622776601683793e9,10.098462880060216
3.9810717055349855e9,9.96634191157208
5.011872336272756e9,9.832623397140702
6.309573444801943e9,9.699412664416627
7.943282347242854e9,9.566483635767057
1.e10,9.433294937307094
1.2589254117941713e10,9.299454608954338
1.5848931924611238e10,9.166872050118046
1.9952623149688828e10,9.033125323129543
2.5118864315095924e10,8.89978804822691
3.1622776601683792e10,8.766768569257327
3.981071705534985e10,8.632964599365184
5.0118723362727554e10,8.500053474387695
6.3095734448019424e10,8.366870266923621
7.943282347242854e10,8.233397521539489
1.e11,8.100324710233823
1.2589254117941713e11,7.967345275250555
1.584893192461124e11,7.8349666285168675
1.9952623149688828e11,7.701693837547638
2.5118864315095926e11,7.5691329243357695
3.1622776601683795e11,7.43742019351924
3.9810717055349854e11,7.3044521270886955
5.011872336272756e11,7.172478459412984
6.309573444801943e11,7.041032717295148
7.943282347242854e11,6.909230722908774
1.e12,6.777514090798034
1.2589254117941714e12,6.647520744306707
1.5848931924611238e12,6.516396595157667
1.9952623149688828e12,6.386618149536904
2.5118864315095923e12,6.257414744737228
3.1622776601683794e12,6.127295689715176
3.9810717055349854e12,5.9989204213368685
5.011872336272756e12,5.870486403665766
6.309573444801942e12,5.74265031410765
7.9432823472428545e12,5.615974413736936
1.e13,5.489498430271943
